1 2 3
1 3 4
1 5 3
1 6 5
1 7 4
1 8 1
1 9 5
1 10 3
1 11 2
1 12 5
1 13 5
1 14 5
1 15 5
1 17 3
1 18 4
1 19 5
1 20 4
1 23 4
1 24 3
1 25 4
1 26 3
1 27 2
1 29 1
1 30 3
1 32 5
1 33 4
1 34 2
1 35 1
1 37 2
1 38 3
1 39 4
1 41 2
1 42 5
1 43 4
1 44 5
1 45 5
1 46 4
1 48 5
1 49 3
1 51 4
1 52 4
1 53 3
1 54 3
1 55 5
1 56 4
1 57 5
1 58 4
1 59 5
1 60 5
1 61 4
1 62 3
1 63 2
1 64 5
1 65 4
1 66 4
1 67 3
1 68 4
1 69 3
1 70 3
1 71 3
1 72 4
1 73 3
1 75 4
1 77 4
1 78 1
1 79 4
1 81 5
1 83 3
1 84 4
1 85 3
1 86 5
1 87 5
1 88 4
1 89 5
1 91 5
1 92 3
1 93 5
1 94 2
1 95 4
1 97 3
1 98 4
1 99 3
1 100 5
1 101 2
1 102 2
1 105 2
1 106 4
1 107 4
1 108 5
1 109 5
1 110 1
1 111 5
1 112 1
1 113 5
1 115 5
1 116 3
1 118 3
1 119 5
1 120 1
1 122 3
1 124 5
1 126 2
1 128 4
1 129 5
1 130 3
1 131 1
1 132 4
1 133 4
1 134 4
1 135 4
1 136 3
1 137 5
1 139 3
1 140 1
1 141 3
1 144 4
1 145 2
1 147 3
1 149 2
1 150 5
2 1 4
2 13 4
2 14 4
2 19 3
2 25 4
2 50 5
2 100 5
2 111 4
3 50 5
4 1 4
4 2 3
4 17 4
4 24 4
4 25 3
4 29 4
4 40 4
4 42 5
4 50 4
4 62 4
4 63 1
4 66 1
4 69 1
4 70 4
4 79 3
4 80 2
4 89 5
4 94 3
4 100 5
4 102 3
4 105 3
4 109 5
4 121 4
4 135 4
4 139 3
4 143 3
4 144 3
4 145 1
5 1 4
5 7 2
5 8 4
5 9 4
5 12 4
5 13 2
5 19 4
5 22 3
5 23 4
5 32 4
5 47 3
5 56 4
5 59 5
5 64 4
5 70 3
5 71 4
5 79 3
5 81 4
5 86 3
5 87 4
5 89 4
5 95 2
5 98 5
5 100 5
5 111 2
5 117 2
5 124 5
5 125 3
5 127 5
5 132 5
5 133 4
5 134 5
5 135 5
5 137 5
6 4 5
6 10 4
6 11 3
6 23 3
6 25 3
6 27 4
6 28 5
6 29 3
6 31 4
6 32 4
6 39 5
6 44 5
6 47 5
6 51 2
6 53 5
6 54 3
6 56 5
6 62 3
6 64 5
6 68 4
6 69 5
6 70 1
6 71 5
6 72 5
6 73 3
6 77 5
6 78 3
6 79 4
6 80 4
6 82 3
6 89 5
6 90 3
6 91 3
6 92 5
6 93 5
6 99 5
6 100 5
6 101 5
6 106 4
6 118 2
6 121 5
6 125 4
6 126 3
6 127 5
6 131 5
6 132 5
6 133 5
6 134 4
6 135 5
6 136 5
6 139 3
6 140 5
6 141 5
6 143 3
6 144 5
7 7 3
7 11 3
7 22 5
7 50 5
7 56 5
7 79 4
7 82 5
7 89 4
7 127 5
8 6 5
8 50 5
9 1 4
9 11 4
9 12 5
9 13 3
9 22 5
9 23 5
9 32 4
9 33 4
9 40 4
9 48 4
9 50 5
9 56 5
9 59 4
9 60 3
9 69 4
9 82 4
9 85 4
9 93 4
9 98 4
9 100 5
9 116 4
9 124 5
9 127 5
9 129 4
9 132 5
9 133 5
9 134 5
9 135 5
9 144 4
10 8 4
10 9 5
10 11 2
10 12 2
10 15 5
10 22 4
10 24 3
10 25 3
10 28 5
10 29 3
10 38 3
10 39 3
10 40 3
10 42 3
10 47 4
10 51 4
10 52 3
10 54 3
10 57 2
10 69 3
10 70 4
10 79 4
10 86 4
10 94 3
10 97 4
10 98 2
10 107 4
10 109 3
10 110 3
10 111 4
10 120 2
10 121 3
11 4 5
11 15 5
11 28 5
11 69 5
11 71 4
11 82 4
11 88 5
11 96 4
11 98 5
11 127 4
11 132 5
11 133 4
12 2 3
12 4 5
12 5 1
12 8 4
12 9 3
12 11 1
12 12 5
12 13 5
12 14 4
12 17 1
12 21 3
12 23 5
12 25 1
12 28 5
12 29 2
12 32 4
12 33 5
12 37 1
12 38 3
12 40 2
12 42 4
12 45 3
12 48 5
12 50 5
12 53 1
12 56 5
12 58 4
12 59 4
12 60 4
12 62 5
12 64 5
12 66 3
12 67 1
12 68 3
12 69 4
12 71 4
12 72 4
12 73 3
12 78 1
12 79 3
12 82 2
12 83 2
12 86 1
12 87 5
12 88 4
12 90 3
12 92 3
12 94 3
12 95 5
12 96 4
12 97 4
12 98 4
12 99 4
12 100 5
12 109 4
12 110 3
12 111 5
12 118 4
12 124 5
12 127 5
12 128 1
12 132 4
12 137 5
12 138 1
12 143 1
12 144 4
12 147 3
12 150 5
13 9 4
13 12 5
13 13 4
13 15 4
13 19 5
13 22 3
13 23 5
13 25 2
13 32 5
13 50 5
13 56 5
13 70 1
13 81 5
13 96 4
13 98 3
13 100 5
13 111 3
13 116 5
13 124 5
13 127 2
14 1 1
14 7 1
14 13 1
14 15 4
14 18 1
14 25 3
14 50 5
14 118 1
14 121 3
14 125 5
14 127 2
14 137 4
14 148 3
15 1 5
15 4 5
15 8 5
15 9 5
15 11 5
15 12 5
15 15 5
15 22 5
15 27 2
15 28 5
15 31 5
15 33 2
15 39 5
15 51 4
15 55 5
15 58 4
15 64 5
15 66 4
15 69 5
15 70 4
15 71 5
15 76 5
15 79 5
15 89 2
15 92 4
15 95 5
15 96 5
15 100 5
15 125 3
15 134 4
15 135 4
15 144 5
16 1 4
16 7 4
16 13 3
16 100 4
16 111 3
16 117 3
16 125 1
16 137 4
17 1 5
17 6 5
17 8 5
17 12 5
17 13 5
17 14 5
17 15 4
17 19 3
17 22 5
17 23 4
17 25 3
17 26 4
17 28 3
17 42 3
17 45 5
17 47 3
17 48 4
17 50 4
17 52 5
17 56 5
17 57 4
17 58 4
17 59 4
17 60 4
17 61 4
17 64 5
17 66 3
17 69 3
17 70 4
17 71 4
17 72 3
17 79 4
17 81 3
17 82 3
17 83 5
17 88 3
17 89 3
17 91 3
17 95 4
17 98 5
17 99 5
17 100 5
17 111 3
17 126 5
17 127 5
17 132 5
17 133 5
17 135 3
17 136 5
17 137 5
17 142 4
18 4 4
19 11 2
19 22 5
19 50 3
19 69 1
19 82 4
19 87 5
19 94 2
19 95 3
19 98 3
19 121 3
19 143 3
19 144 2
20 1 5
20 5 2
20 7 5
20 9 5
20 15 4
20 17 4
20 50 3
20 53 4
20 56 5
20 98 5
20 103 1
20 118 1
20 121 1
20 123 4
20 127 5
20 129 4
21 2 2
21 4 5
21 17 4
21 21 4
21 24 5
21 29 1
21 50 5
21 53 3
21 68 4
21 79 4
21 85 5
21 89 5
21 96 5
21 105 1
21 109 4
21 110 1
21 117 4
21 118 4
21 128 5
21 144 5
22 7 4
22 13 4
22 32 3
22 50 4
22 55 4
22 56 4
22 59 4
22 62 3
22 70 2
22 71 3
22 73 3
22 79 4
22 82 3
22 83 4
22 88 3
22 90 2
22 91 4
22 95 4
22 96 4
22 98 5
22 99 4
22 100 5
22 102 3
22 109 3
22 116 5
22 124 5
22 132 4
22 133 4
22 134 4
22 143 3
22 144 3
23 7 4
23 9 5
23 12 5
23 25 4
23 41 5
23 56 4
23 58 3
23 69 5
23 79 4
23 92 5
23 97 4
23 98 5
23 100 5
23 109 3
23 117 4
23 127 5
23 129 3
23 132 3
24 7 4
24 23 4
24 25 5
24 50 5
24 79 4
24 82 4
24 98 5
24 114 5
24 121 4
24 125 5
24 127 3
24 131 4
24 133 3
24 134 4
24 135 3
24 141 4
24 143 3
25 7 3
25 13 3
25 14 3
25 15 4
25 25 3
25 50 4
25 100 5
25 109 3
25 111 3
25 116 2
25 117 3
25 118 3
25 121 3
25 122 1
25 126 4
25 127 5
25 129 4
25 148 3
26 100 5
26 118 3
26 121 4
26 123 5
26 148 3
27 5 3
27 7 5
27 11 4
27 12 4
27 28 4
27 31 4
27 50 4
27 56 5
27 70 4
27 79 4
27 96 5
27 98 5
27 117 4
27 145 3
28 79 4
28 98 4
29 2 3
29 7 4
29 29 3
29 69 5
29 82 4
29 135 5
30 79 2
30 124 4
30 135 4
30 136 5
31 9 3
31 50 4
31 111 3
31 117 3
31 118 3
31 122 2
32 7 4
32 11 4
32 22 5
32 27 4
32 50 5
32 55 3
32 56 5
32 62 5
32 68 5
32 79 4
32 82 1
32 89 4
32 92 4
32 96 4
32 118 2
32 121 2
33 1 5
33 22 5
33 28 4
33 35 5
33 69 5
33 70 5
33 71 5
33 78 5
33 79 3
33 82 5
33 88 5
33 94 5
33 95 5
33 97 5
33 105 3
33 112 5
33 118 5
33 133 2
33 140 5
33 144 5
33 145 1
34 1 4
34 28 4
34 31 3
34 56 4
34 58 3
34 96 4
34 97 3
34 98 4
34 100 4
35 1 5
35 2 5
35 12 4
35 15 4
35 28 5
35 38 3
35 44 3
35 48 5
35 50 5
35 58 5
35 63 4
35 66 4
35 69 4
35 72 3
35 73 4
35 79 5
35 83 4
35 86 3
35 87 4
35 88 5
35 95 5
35 96 5
35 97 3
35 98 4
35 99 5
35 102 5
35 103 3
35 111 1
35 121 4
35 131 2
35 132 5
35 135 4
35 136 4
35 141 3
35 142 4
35 143 4
36 1 5
36 3 2
36 4 4
36 5 4
36 7 4
36 8 4
36 11 5
36 12 5
36 14 2
36 15 5
36 17 3
36 25 5
36 26 5
36 28 4
36 47 1
36 49 4
36 50 4
36 51 1
36 54 3
36 56 5
36 63 3
36 64 5
36 69 4
36 70 4
36 73 4
36 77 3
36 79 4
36 82 4
36 86 4
36 91 3
36 95 4
36 97 5
36 98 5
36 102 4
36 111 4
36 118 4
36 120 4
36 121 4
36 122 2
36 124 4
36 127 4
36 131 3
36 133 4
36 140 4
36 143 4
36 144 4
37 1 4
37 5 4
37 7 5
37 9 5
37 11 3
37 15 4
37 21 2
37 24 3
37 31 4
37 50 5
37 55 4
37 56 2
37 69 4
37 71 3
37 81 4
37 82 4
37 87 5
37 88 2
37 89 5
37 90 2
37 91 2
37 95 4
37 97 2
37 98 2
37 99 4
37 100 5
37 102 2
37 106 2
37 109 3
37 120 4
37 132 4
37 133 4
37 135 5
37 143 4
37 147 4
37 148 4
38 7 3
38 13 5
38 21 3
38 24 3
38 25 4
38 50 5
38 100 5
38 108 4
38 109 5
38 111 4
38 118 4
38 127 5
39 7 4
39 50 4
39 93 4
39 127 5
40 28 2
40 50 4
40 98 5
40 132 5
40 136 4
41 2 1
41 3 3
41 8 3
41 10 3
41 11 3
41 12 4
41 17 2
41 25 2
41 38 1
41 39 2
41 40 1
41 42 4
41 47 5
41 49 2
41 50 1
41 53 4
41 54 2
41 55 4
41 56 5
41 62 2
41 68 1
41 70 2
41 71 3
41 72 2
41 77 1
41 82 1
41 85 3
41 90 1
41 93 5
41 95 2
41 96 1
41 98 4
41 100 4
41 101 3
41 102 2
41 116 4
41 117 1
41 121 1
41 123 1
41 129 2
41 143 3
41 145 1
41 147 1
41 148 1
42 9 4
42 15 2
42 100 2
42 125 2
